1708965805790 -0.0014587327623061992 -0.001352255918342243
1708965805928 -0.0014587327623061992 -0.001352255918342243
1708965806065 -0.0014587327623061992 -0.001352255918342243
1708965806202 -0.0014587327623061992 0.0005004411666305939
1708965806340 0.0005430319042161762 0.0006388610637837369
1708965806479 0.0005430319042161762 0.0006388610637837369
1708965806618 0.0005430319042161762 0.0006388610637837369
1708965806757 0.0005430319042161762 0.0006388610637837369
1708965806896 0.0005430319042161762 0.0006388610637837369
1708965807034 0.0005323842198197808 0.0006388610637837369
1708965807174 0.0005430319042161762 0.00042590737585582455
1708965807313 -0.0014587327623061992 -0.001352255918342243
1708965807451 -0.0014587327623061992 -0.001352255918342243
1708965807590 -0.0014587327623061992 -0.001352255918342243
1708965807729 -0.0014587327623061992 -0.001352255918342243
1708965807868 -0.0014587327623061992 -0.001352255918342243
1708965808007 -0.0014480850779098036 -0.001352255918342243
1708965808146 -0.0014587327623061992 -0.001352255918342243
1708965808284 -0.0006282133793873413 0.0006388610637837369
1708965808424 0.0005430319042161762 0.0006388610637837369
1708965808563 0.0005430319042161762 0.0006388610637837369
1708965808701 0.0005430319042161762 0.0006388610637837369
1708965808841 0.0005323842198197808 0.0006388610637837369
1708965808980 0.0005323842198197808 0.0006388610637837369
1708965809118 0.0005323842198197808 0.0006388610637837369
1708965809257 0.0005430319042161762 -0.0007985763297296709
1708965809396 -0.0014587327623061992 -0.001352255918342243
1708965809535 -0.0014587327623061992 -0.001352255918342243
1708965809674 -0.0014587327623061992 -0.001352255918342243
1708965809813 -0.0014587327623061992 -0.001352255918342243
1708965809952 -0.0014587327623061992 -0.001352255918342243
1708965810090 -0.0014587327623061992 -0.001352255918342243
1708965810229 -0.0014587327623061992 -0.001352255918342243
1708965810368 0.0005430319042161762 0.0006388610637837369
1708965810507 0.0005430319042161762 0.0006388610637837369
1708965810645 0.0005430319042161762 0.0006388610637837369
1708965810784 0.0005430319042161762 0.0006388610637837369
1708965810923 0.0005323842198197808 0.0006388610637837369
