1708965947991 0.14994069167004304 0.1500258731452142
1708965948129 0.14994069167004304 0.1500258731452142
1708965948266 0.14993004398564663 0.1500258731452142
1708965948403 -0.07767485767170601 -0.15038789441469166
1708965948540 -0.1504943712586556 -0.15037724673029526
1708965948677 -0.1504837235742592 -0.15038789441469166
1708965948816 -0.1504837235742592 -0.15038789441469166
1708965948955 -0.1504837235742592 -0.15038789441469166
1708965949094 -0.1504943712586556 -0.15038789441469166
1708965949233 -0.1504837235742592 -0.15037724673029526
1708965949372 -0.1504837235742592 0.14691674930146667
1708965949511 0.14994069167004304 0.1500258731452142
1708965949651 0.14994069167004304 0.15003652082961058
1708965949790 0.14994069167004304 0.1500258731452142
1708965949929 0.14994069167004304 0.15003652082961058
1708965950068 0.14994069167004304 0.15003652082961058
1708965950207 0.14994069167004304 0.15003652082961058
1708965950346 0.14994069167004304 0.08977062714601142
1708965950485 -0.1504837235742592 -0.15038789441469166
1708965950624 -0.1504837235742592 -0.15038789441469166
1708965950763 -0.1504943712586556 -0.15038789441469166
1708965950902 -0.1504837235742592 -0.15037724673029526
1708965951041 -0.1504943712586556 -0.15038789441469166
1708965951180 -0.1504837235742592 -0.15037724673029526
1708965951319 -0.1504837235742592 -0.15038789441469166
1708965951459 0.01346932076144045 0.15003652082961058
1708965951598 0.14994069167004304 0.15003652082961058
1708965951736 0.14994069167004304 0.15003652082961058
1708965951874 0.14994069167004304 0.15003652082961058
1708965952013 0.14994069167004304 0.15003652082961058
1708965952151 0.14994069167004304 0.15003652082961058
1708965952289 0.14994069167004304 0.15003652082961058
1708965952427 0.14994069167004304 -0.08702352457174135
1708965952566 -0.1504837235742592 -0.15038789441469166
1708965952704 -0.1504837235742592 -0.15038789441469166
1708965952842 -0.1504837235742592 -0.15037724673029526
1708965952980 -0.1504837235742592 -0.15038789441469166
1708965953119 -0.1504837235742592 -0.15037724673029526
