1708965842779 -0.0019485262445403974 -0.0018526970849728366
1708965842916 -0.0019485262445403974 -0.0018526970849728366
1708965843052 -0.0007027471701621105 0.0011393022304143307
1708965843189 0.0010434730708467701 0.0011393022304143307
1708965843325 0.0010434730708467701 0.0011393022304143307
1708965843462 0.0010434730708467701 0.0011393022304143307
1708965843599 0.0010328253864503745 0.0011393022304143307
1708965843738 0.0010328253864503745 0.0011393022304143307
1708965843877 0.0010434730708467701 0.0011393022304143307
1708965844015 0.0010434730708467701 -0.0004897934822341982
1708965844153 -0.0019485262445403974 -0.0018526970849728366
1708965844292 -0.0019485262445403974 -0.0018526970849728366
1708965844430 -0.0019485262445403974 -0.0018526970849728366
1708965844569 -0.0019485262445403974 -0.0018526970849728366
1708965844707 -0.0019485262445403974 -0.0018526970849728366
1708965844846 -0.0019485262445403974 -0.0018526970849728366
1708965844984 -0.0019485262445403974 -0.0018526970849728366
1708965845122 0.00042590737585582455 0.0011393022304143307
1708965845260 0.0010434730708467701 0.0011393022304143307
1708965845398 0.0010434730708467701 0.0011393022304143307
1708965845537 0.0010434730708467701 0.0011393022304143307
1708965845675 0.0010434730708467701 0.0011393022304143307
1708965845814 0.0010434730708467701 0.0011393022304143307
1708965845953 0.0010434730708467701 0.0011393022304143307
1708965846091 0.0010434730708467701 -0.0018526970849728366
1708965846229 -0.0019485262445403974 -0.0018526970849728366
1708965846367 -0.0019485262445403974 -0.0018526970849728366
1708965846506 -0.0019485262445403974 -0.0018526970849728366
1708965846645 -0.0019485262445403974 -0.0018526970849728366
1708965846783 -0.0019485262445403974 -0.0018526970849728366
1708965846921 -0.0019485262445403974 -0.0018526970849728366
1708965847059 -0.0019485262445403974 -0.001352255918342243
1708965847198 0.0010434730708467701 0.0011393022304143307
1708965847336 0.0010434730708467701 0.0011393022304143307
1708965847474 0.0010434730708467701 0.0011393022304143307
1708965847613 0.0010434730708467701 0.0011393022304143307
1708965847751 0.0010434730708467701 0.0011393022304143307
1708965847890 0.0010434730708467701 0.0011393022304143307
