1708965918051 -0.050076059716248573 -0.049980230556681014
1708965918188 -0.050076059716248573 -0.049980230556681014
1708965918326 -0.050076059716248573 -0.049980230556681014
1708965918463 -0.050076059716248573 -0.049980230556681014
1708965918600 -0.05008670740064497 -0.049980230556681014
1708965918738 0.01099905798147667 0.04974598149996031
1708965918875 0.04962885697159996 0.04974598149996031
1708965919014 0.04962885697159996 0.04974598149996031
1708965919153 0.04962885697159996 0.0497566291843567
1708965919292 0.04962885697159996 0.0497566291843567
1708965919431 0.04962885697159996 0.0497566291843567
1708965919570 0.04962885697159996 0.0497566291843567
1708965919708 0.04962885697159996 -0.03553132283077216
1708965919846 -0.050076059716248573 -0.049980230556681014
1708965919985 -0.050076059716248573 -0.049980230556681014
1708965920123 -0.050076059716248573 -0.049980230556681014
1708965920262 -0.050076059716248573 -0.049980230556681014
1708965920400 -0.050076059716248573 -0.049980230556681014
1708965920539 -0.050076059716248573 -0.049980230556681014
1708965920677 -0.050076059716248573 -0.049852458343924266
1708965920816 0.04962885697159996 0.0497566291843567
1708965920954 0.04962885697159996 0.0497566291843567
1708965921092 0.04962885697159996 0.04974598149996031
1708965921230 0.04962885697159996 0.0497566291843567
1708965921369 0.049618209287203556 0.0497566291843567
1708965921508 0.04962885697159996 0.0497566291843567
1708965921646 0.04962885697159996 0.0497566291843567
1708965921784 0.024681332430845034 -0.049980230556681014
1708965921923 -0.050076059716248573 -0.049980230556681014
1708965922061 -0.050076059716248573 -0.049980230556681014
1708965922199 -0.050076059716248573 -0.049980230556681014
1708965922338 -0.050076059716248573 -0.049980230556681014
1708965922476 -0.050076059716248573 -0.049980230556681014
1708965922615 -0.05008670740064497 -0.049980230556681014
1708965922753 -0.05008670740064497 -0.0006282133793873413
1708965922892 0.049618209287203556 0.0497566291843567
1708965923030 0.049618209287203556 0.0497566291843567
1708965923169 0.049618209287203556 0.0497672768687531
