1708966012431 -0.3040552756234732 -0.30401268488588756
1708966012568 -0.3040552756234732 -0.30401268488588756
1708966012705 -0.3040446279390768 -0.30401268488588756
1708966012842 0.291320645085384 0.29534546978722154
1708966012979 0.2953880605248071 0.29533482210282513
1708966013118 0.2953880605248071 0.29533482210282513
1708966013257 0.2953880605248071 0.29533482210282513
1708966013396 0.2953880605248071 0.29533482210282513
1708966013535 0.2953880605248071 0.29533482210282513
1708966013674 0.2953880605248071 0.29533482210282513
1708966013812 0.2172872954772453 -0.3039913895170948
1708966013951 -0.30403398025468037 -0.30400203720149116
1708966014090 -0.3040446279390768 -0.30401268488588756
1708966014228 -0.3040446279390768 -0.30401268488588756
1708966014367 -0.3040446279390768 -0.30401268488588756
1708966014506 -0.3040446279390768 -0.30401268488588756
1708966014645 -0.3040446279390768 -0.30400203720149116
1708966014784 -0.3040446279390768 -0.05141766795019442
1708966014923 0.2953987082092035 0.29533482210282513
1708966015061 0.2953880605248071 0.29533482210282513
1708966015201 0.2953880605248071 0.29533482210282513
1708966015339 0.2953880605248071 0.29533482210282513
1708966015478 0.2953880605248071 0.29533482210282513
1708966015617 0.2953880605248071 0.29533482210282513
1708966015756 0.2953880605248071 0.29533482210282513
1708966015895 -0.140815626142332 -0.3039913895170948
1708966016033 -0.30403398025468037 -0.30400203720149116
1708966016172 -0.30403398025468037 -0.30400203720149116
1708966016312 -0.3040446279390768 -0.30401268488588756
1708966016450 -0.3040446279390768 -0.30401268488588756
1708966016589 -0.3040446279390768 -0.30400203720149116
1708966016728 -0.3040446279390768 -0.30400203720149116
1708966016866 -0.3040446279390768 0.29533482210282513
1708966017005 0.2953880605248071 0.29533482210282513
1708966017145 0.2953880605248071 0.29533482210282513
1708966017283 0.2953880605248071 0.29533482210282513
1708966017422 0.2953880605248071 0.29533482210282513
1708966017561 0.2953880605248071 0.29533482210282513
