1708966045963 0.29537741284041075 0.29532417441842873
1708966046101 0.29537741284041075 0.29532417441842873
1708966046238 0.29537741284041075 0.29532417441842873
1708966046375 0.29537741284041075 0.29532417441842873
1708966046513 0.29537741284041075 -0.22581609067875819
1708966046652 -0.30403398025468037 -0.30400203720149116
1708966046792 -0.3040446279390768 -0.30401268488588756
1708966046931 -0.3040446279390768 -0.30401268488588756
1708966047070 -0.3040446279390768 -0.30401268488588756
1708966047210 -0.3040446279390768 -0.30401268488588756
1708966047349 -0.3040446279390768 -0.30401268488588756
1708966047488 -0.3040446279390768 -0.24559948828726125
1708966047627 0.29537741284041075 0.29532417441842873
1708966047766 0.29537741284041075 0.29532417441842873
1708966047905 0.29537741284041075 0.29532417441842873
1708966048043 0.29537741284041075 0.29532417441842873
1708966048181 0.29537741284041075 0.29532417441842873
1708966048320 0.29537741284041075 0.29532417441842873
1708966048458 0.29537741284041075 0.29532417441842873
1708966048596 0.07071127207646327 -0.3039913895170948
1708966048735 -0.30403398025468037 -0.30401268488588756
1708966048873 -0.3040552756234732 -0.30402333257028397
1708966049012 -0.3040552756234732 -0.30402333257028397
1708966049150 -0.3040552756234732 -0.30402333257028397
1708966049288 -0.3040552756234732 -0.30401268488588756
1708966049427 -0.3040552756234732 -0.30401268488588756
1708966049565 -0.3040446279390768 0.06353473279329264
1708966049703 0.29537741284041075 0.29532417441842873
1708966049842 0.29537741284041075 0.29532417441842873
1708966049980 0.29537741284041075 0.29532417441842873
1708966050118 0.29537741284041075 0.29532417441842873
1708966050257 0.29537741284041075 0.29532417441842873
1708966050395 0.29537741284041075 0.29532417441842873
1708966050533 0.29537741284041075 0.29532417441842873
1708966050672 -0.21980014899479466 -0.30400203720149116
1708966050810 -0.3040446279390768 -0.30401268488588756
1708966050948 -0.3040446279390768 -0.30401268488588756
1708966051087 -0.3040446279390768 -0.30401268488588756
