1708965876409 0.004546561237260927 0.0046530380812248836
1708965876546 0.004546561237260927 0.0046530380812248836
1708965876683 0.004546561237260927 0.0046530380812248836
1708965876820 -0.0030771807905583324 -0.005323842198197807
1708965876959 -0.005430319042161763 -0.005323842198197807
1708965877097 -0.005419671357765368 -0.005323842198197807
1708965877236 -0.005419671357765368 -0.005323842198197807
1708965877375 -0.005419671357765368 -0.005323842198197807
1708965877515 -0.005419671357765368 -0.005323842198197807
1708965877654 -0.005419671357765368 -0.005323842198197807
1708965877793 -0.005419671357765368 0.0046530380812248836
1708965877932 0.004546561237260927 0.0046530380812248836
1708965878071 0.004557208921657323 0.0046530380812248836
1708965878210 0.004546561237260927 0.0046530380812248836
1708965878349 0.004546561237260927 0.0046530380812248836
1708965878488 0.004546561237260927 0.0046530380812248836
1708965878627 0.004546561237260927 0.0046530380812248836
1708965878765 0.004546561237260927 0.002289252145225057
1708965878904 -0.005419671357765368 -0.005323842198197807
1708965879042 -0.005419671357765368 -0.005323842198197807
1708965879180 -0.005419671357765368 -0.005323842198197807
1708965879319 -0.005419671357765368 -0.005323842198197807
1708965879457 -0.005419671357765368 -0.005323842198197807
1708965879596 -0.005419671357765368 -0.005323842198197807
1708965879734 -0.005419671357765368 -0.005323842198197807
1708965879873 -0.00040461200706303337 0.0046530380812248836
1708965880011 0.004546561237260927 0.0046530380812248836
1708965880149 0.004546561237260927 0.0046530380812248836
1708965880288 0.004546561237260927 0.0046530380812248836
1708965880426 0.004546561237260927 0.0046530380812248836
1708965880565 0.004546561237260927 0.0046530380812248836
1708965880703 0.004557208921657323 0.0046530380812248836
1708965880842 0.004557208921657323 -0.002789693311855651
1708965880980 -0.005419671357765368 -0.005323842198197807
1708965881118 -0.005419671357765368 -0.005323842198197807
1708965881257 -0.005419671357765368 -0.005323842198197807
1708965881396 -0.005419671357765368 -0.005323842198197807
1708965881534 -0.005419671357765368 -0.005323842198197807
