1708965328377 4.259073758558246e-05 0.00013841989715314299
1708965328515 3.194305318918684e-05 0.00013841989715314299
1708965328651 3.194305318918684e-05 -0.0008518147517116491
1708965328788 -0.0009582915956756053 -0.0008518147517116491
1708965328925 -0.0009582915956756053 -0.0008518147517116491
1708965329061 -0.0009582915956756053 -0.0008518147517116491
1708965329200 -0.0009582915956756053 -0.0008518147517116491
1708965329339 -0.0009582915956756053 -0.0008518147517116491
1708965329478 -0.0009582915956756053 -0.0008518147517116491
1708965329617 -0.0009582915956756053 -0.0006814518013693193
1708965329756 3.194305318918684e-05 0.00013841989715314299
1708965329895 4.259073758558246e-05 0.00013841989715314299
1708965330034 3.194305318918684e-05 0.00013841989715314299
1708965330173 3.194305318918684e-05 0.00013841989715314299
1708965330312 4.259073758558246e-05 0.00013841989715314299
1708965330451 4.259073758558246e-05 0.00013841989715314299
1708965330590 3.194305318918684e-05 0.00013841989715314299
1708965330729 -0.000468498113441407 -0.0008518147517116491
1708965330868 -0.0009582915956756053 -0.0008518147517116491
1708965331007 -0.0009582915956756053 -0.0008518147517116491
1708965331146 -0.0009582915956756053 -0.0008518147517116491
1708965331285 -0.0009582915956756053 -0.0008518147517116491
1708965331424 -0.0009582915956756053 -0.0008518147517116491
1708965331563 -0.0009582915956756053 -0.0008518147517116491
1708965331702 -0.0009582915956756053 -3.194305318918684e-05
1708965331841 4.259073758558246e-05 0.00013841989715314299
1708965331980 4.259073758558246e-05 0.00013841989715314299
1708965332119 4.259073758558246e-05 0.00013841989715314299
1708965332258 4.259073758558246e-05 0.00013841989715314299
1708965332397 4.259073758558246e-05 0.00013841989715314299
1708965332536 4.259073758558246e-05 0.00013841989715314299
1708965332675 4.259073758558246e-05 0.00011712452836035175
1708965332814 -0.0009582915956756053 -0.0008518147517116491
1708965332953 -0.0009582915956756053 -0.0008518147517116491
1708965333092 -0.0009582915956756053 -0.0008518147517116491
1708965333231 -0.0009582915956756053 -0.0008518147517116491
1708965333370 -0.0009582915956756053 -0.0008518147517116491
1708965333509 -0.0009582915956756053 -0.0008518147517116491
