1708965977692 -0.25018864026210774 -0.250114106471333
1708965977830 -0.25018864026210774 -0.25010345878693657
1708965977967 -0.25017799257771134 -0.05968027104179742
1708965978104 0.24946459772315283 0.24962431298909876
1708965978241 0.24946459772315283 0.24962431298909876
1708965978380 0.24947524540754926 0.2496349606734952
1708965978520 0.24947524540754926 0.2496349606734952
1708965978658 0.24947524540754926 0.2496349606734952
1708965978797 0.24947524540754926 0.2496349606734952
1708965978936 0.24947524540754926 0.2496349606734952
1708965979075 -0.06980621890276964 -0.25010345878693657
1708965979214 -0.25017799257771134 -0.25010345878693657
1708965979352 -0.25017799257771134 -0.25009281110254017
1708965979491 -0.250167344893315 -0.25009281110254017
1708965979630 -0.25017799257771134 -0.25010345878693657
1708965979769 -0.250167344893315 -0.25009281110254017
1708965979907 -0.250167344893315 -0.25009281110254017
1708965980047 -0.25017799257771134 0.21198474864784028
1708965980186 0.24947524540754926 0.2496349606734952
1708965980324 0.24947524540754926 0.2496349606734952
1708965980463 0.24947524540754926 0.24962431298909876
1708965980602 0.24947524540754926 0.24962431298909876
1708965980740 0.24947524540754926 0.2496349606734952
1708965980880 0.24947524540754926 0.2496349606734952
1708965981019 0.24946459772315283 0.19342583474492273
1708965981157 -0.25017799257771134 -0.25010345878693657
1708965981296 -0.25017799257771134 -0.25010345878693657
1708965981435 -0.25017799257771134 -0.25010345878693657
1708965981573 -0.25017799257771134 -0.25010345878693657
1708965981712 -0.25017799257771134 -0.25010345878693657
1708965981851 -0.25017799257771134 -0.25010345878693657
1708965981989 -0.25017799257771134 -0.25010345878693657
1708965982128 -0.04838307789722167 0.2496349606734952
1708965982267 0.24947524540754926 0.2496349606734952
1708965982405 0.24947524540754926 0.2496349606734952
1708965982543 0.24947524540754926 0.24964560835789157
1708965982682 0.24947524540754926 0.24964560835789157
1708965982820 0.24947524540754926 0.24964560835789157
