1708965014325 -0.005345137566990598 -0.004642390396828487
1708965014462 -0.00337531595365741 -0.001405494340324221
1708965014599 0.0005536795886125719 0.0025447965707385517
1708965014736 0.0038331663827024212 0.004578504290450114
1708965014872 0.0042697214429546415 0.003354020584864618
1708965015009 0.001575857290666551 -0.00031943053189186844
1708965015147 -0.002438319726774596 -0.0040141770174411465
1708965015285 -0.005153479247855477 -0.005228013038630247
1708965015424 -0.004631742712432092 -0.0030984761593511236
1708965015562 -0.0012564267587746826 0.0009157008580900228
1708965015701 0.002683216467891695 0.004088710808215916
1708965015839 0.0044933228152789495 0.00424842607416185
1708965015978 0.0029707039465943766 0.001299017496360265
1708965016116 -0.000883757804900836 -0.0027577502586664643
1708965016254 -0.0044294367089005755 -0.005164126932251873
1708965016394 -0.005249308407423038 -0.0042697214429546415
1708965016532 -0.0027683979430628593 -0.0006814518013693193
1708965016670 0.0012883698119638693 0.003141066896936706
1708965016809 0.004184539967783476 0.004599799659242905
1708965016947 0.003928995542269982 0.002704511836684486
1708965017086 0.0007133948545585061 -0.0012564267587746826
1708965017224 -0.003279486794089849 -0.00458915197484651
1708965017363 -0.005334489882594202 -0.005015059350702334
1708965017501 -0.004056767755026729 -0.00225730909203587
1708965017639 -0.0003087828474954728 0.0018101063473872545
1708965017778 0.003364668269261014 0.0044294367089005755
1708965017916 0.004440084393296971 0.0038118710139096296
1708965018054 0.002204070670053892 0.0003620212694774509
1708965018193 -0.00182075403178365 -0.0035456789039997392
1708965018331 -0.004908582506738378 -0.005259956091819433
1708965018470 -0.004951173244323961 -0.0036308603791709044
1708965018608 -0.0019165831913512106 0.00025554442551349474
1708965018747 0.0021401845636755184 0.0037586325919276515
1708965018886 0.0044294367089005755 0.0044613797620897625
1708965019024 0.0034072590068465964 0.0018952878225584192
1708965019162 -0.0002342490567207035 -0.002172127616864705
1708965019301 -0.004003529333044751 -0.004983116297513148
1708965019439 -0.005345137566990598 -0.004642390396828487
