1708963995587 -9.582915956756052e-05 -0.00021295368792791227
1708963995724 -9.582915956756052e-05 -0.00021295368792791227
1708963995864 -9.582915956756052e-05 -0.00021295368792791227
1708963996000 -9.582915956756052e-05 -0.00021295368792791227
1708963996137 -9.582915956756052e-05 -0.00021295368792791227
1708963996273 -9.582915956756052e-05 -0.00021295368792791227
1708963996410 -9.582915956756052e-05 -0.00021295368792791227
1708963996548 -9.582915956756052e-05 -0.00021295368792791227
1708963996686 -9.582915956756052e-05 -0.00021295368792791227
1708963996824 -9.582915956756052e-05 -0.00021295368792791227
1708963996962 -9.582915956756052e-05 -0.00021295368792791227
1708963997100 -9.582915956756052e-05 -0.00021295368792791227
1708963997238 -9.582915956756052e-05 -0.00021295368792791227
1708963997376 -9.582915956756052e-05 -0.00021295368792791227
1708963997514 -9.582915956756052e-05 -0.00021295368792791227
1708963997651 -9.582915956756052e-05 -0.00021295368792791227
1708963997787 -9.582915956756052e-05 -0.00021295368792791227
1708963997924 -9.582915956756052e-05 -0.00021295368792791227
1708963998060 -9.582915956756052e-05 -0.00021295368792791227
1708963998197 -9.582915956756052e-05 -0.00021295368792791227
1708963998336 -9.582915956756052e-05 -0.00021295368792791227
1708963998474 -9.582915956756052e-05 -0.00021295368792791227
1708963998610 -9.582915956756052e-05 -0.00021295368792791227
1708963998747 -9.582915956756052e-05 -0.00021295368792791227
1708963998883 -9.582915956756052e-05 -0.00021295368792791227
1708963999020 -9.582915956756052e-05 -0.00021295368792791227
1708963999157 -9.582915956756052e-05 -0.00021295368792791227
1708963999295 -9.582915956756052e-05 -0.00021295368792791227
1708963999432 -9.582915956756052e-05 -0.00021295368792791227
1708963999570 -9.582915956756052e-05 -0.00021295368792791227
1708963999708 -9.582915956756052e-05 -0.00021295368792791227
1708963999846 -9.582915956756052e-05 -0.00021295368792791227
1708963999984 -9.582915956756052e-05 -0.00021295368792791227
1708964000122 -9.582915956756052e-05 -0.00021295368792791227
1708964000260 -9.582915956756052e-05 -0.00021295368792791227
1708964000396 -9.582915956756052e-05 -0.00021295368792791227
1708964000533 -9.582915956756052e-05 -0.00021295368792791227
1708964000670 -9.582915956756052e-05 -0.00021295368792791227
1708964000806 -9.582915956756052e-05 -0.00021295368792791227
1708964000943 -9.582915956756052e-05 -0.00021295368792791227
1708964001081 -9.582915956756052e-05 -0.00021295368792791227
1708964001219 -9.582915956756052e-05 -0.00021295368792791227
1708964001357 -9.582915956756052e-05 -0.00021295368792791227
1708964001495 -9.582915956756052e-05 -0.00021295368792791227
1708964001633 -9.582915956756052e-05 -0.00021295368792791227
1708964001771 -9.582915956756052e-05 -0.00021295368792791227
1708964001913 -9.582915956756052e-05 -0.00021295368792791227
1708964002051 -9.582915956756052e-05 -0.00021295368792791227
1708964002190 -9.582915956756052e-05 -0.00021295368792791227
1708964002328 -9.582915956756052e-05 -0.00021295368792791227
1708964002466 -9.582915956756052e-05 -0.00021295368792791227
1708964002603 -0.00010647684396395614 -0.00021295368792791227
1708964002740 -0.00010647684396395614 -0.00021295368792791227
1708964002876 -0.00010647684396395614 -0.0002236013723243079
1708964003013 -9.582915956756052e-05 -0.00021295368792791227
1708964003150 -9.582915956756052e-05 -0.00021295368792791227
1708964003288 -9.582915956756052e-05 -0.00021295368792791227
1708964003426 -9.582915956756052e-05 -0.00021295368792791227
1708964003564 -9.582915956756052e-05 -0.00021295368792791227
1708964003702 -9.582915956756052e-05 -0.00021295368792791227
1708964003841 -9.582915956756052e-05 -0.00021295368792791227
1708964003979 -9.582915956756052e-05 -0.00021295368792791227
1708964004117 -9.582915956756052e-05 -0.00021295368792791227
1708964004255 -9.582915956756052e-05 -0.00021295368792791227
1708964004392 -9.582915956756052e-05 -0.00021295368792791227
1708964004530 -9.582915956756052e-05 -0.00021295368792791227
1708964004668 -9.582915956756052e-05 -0.00021295368792791227
1708964004805 -9.582915956756052e-05 -0.00021295368792791227
1708964004942 -9.582915956756052e-05 -0.00021295368792791227
1708964005078 -9.582915956756052e-05 -0.00021295368792791227
1708964005215 -9.582915956756052e-05 -0.00021295368792791227
1708964005351 -9.582915956756052e-05 -0.00021295368792791227
1708964005490 -9.582915956756052e-05 -0.00021295368792791227
1708964005628 -9.582915956756052e-05 -0.00021295368792791227
1708964005765 -9.582915956756052e-05 -0.00021295368792791227
1708964005902 -9.582915956756052e-05 -0.00021295368792791227
1708964006039 -9.582915956756052e-05 -0.00021295368792791227
1708964006175 -9.582915956756052e-05 -0.00021295368792791227
1708964006312 -9.582915956756052e-05 -0.00021295368792791227
1708964006449 -9.582915956756052e-05 -0.00021295368792791227
1708964006587 -9.582915956756052e-05 -0.00021295368792791227
1708964006725 -9.582915956756052e-05 -0.00021295368792791227
1708964006862 -9.582915956756052e-05 -0.00021295368792791227
1708964007003 -9.582915956756052e-05 -0.00021295368792791227
1708964007139 -9.582915956756052e-05 -0.00021295368792791227
1708964007276 -9.582915956756052e-05 -0.00021295368792791227
1708964007413 -9.582915956756052e-05 -0.00021295368792791227
1708964007550 -9.582915956756052e-05 -0.00021295368792791227
1708964007687 -9.582915956756052e-05 -0.00021295368792791227
1708964007823 -9.582915956756052e-05 -0.00021295368792791227
1708964007960 -9.582915956756052e-05 -0.00021295368792791227
1708964008097 -9.582915956756052e-05 -0.00021295368792791227
1708964008233 -9.582915956756052e-05 -0.00021295368792791227
1708964008371 -9.582915956756052e-05 -0.00021295368792791227
1708964008509 -9.582915956756052e-05 -0.00021295368792791227
1708964008647 -9.582915956756052e-05 -0.00021295368792791227
1708964008783 -9.582915956756052e-05 -0.00021295368792791227
1708964008920 -9.582915956756052e-05 -0.00021295368792791227
1708964009056 -9.582915956756052e-05 -0.00021295368792791227
1708964009193 -9.582915956756052e-05 -0.00021295368792791227
1708964009330 -9.582915956756052e-05 -0.00021295368792791227
1708964009468 -9.582915956756052e-05 -0.00021295368792791227
1708964009606 -9.582915956756052e-05 -0.00021295368792791227
1708964009744 -9.582915956756052e-05 -0.00021295368792791227
1708964009882 -9.582915956756052e-05 -0.00021295368792791227
1708964010020 -9.582915956756052e-05 -0.00021295368792791227
1708964010159 -9.582915956756052e-05 -0.00021295368792791227
1708964010297 -9.582915956756052e-05 -0.00021295368792791227
1708964010434 -9.582915956756052e-05 -0.00021295368792791227
1708964010572 -9.582915956756052e-05 -0.00021295368792791227
1708964010710 -9.582915956756052e-05 -0.00021295368792791227
1708964010847 -9.582915956756052e-05 -0.00021295368792791227
1708964010986 -9.582915956756052e-05 -0.00021295368792791227
1708964011124 -9.582915956756052e-05 -0.00021295368792791227
1708964011261 -9.582915956756052e-05 -0.00021295368792791227
1708964011398 -9.582915956756052e-05 -0.00021295368792791227
1708964011534 -9.582915956756052e-05 -0.00021295368792791227
1708964011671 -9.582915956756052e-05 -0.00021295368792791227
1708964011808 -9.582915956756052e-05 -0.00021295368792791227
1708964011945 -9.582915956756052e-05 -0.00021295368792791227
1708964012085 -9.582915956756052e-05 -0.00021295368792791227
1708964012222 -9.582915956756052e-05 -0.00021295368792791227
1708964012358 -9.582915956756052e-05 -0.00021295368792791227
1708964012495 -9.582915956756052e-05 -0.00021295368792791227
1708964012632 -9.582915956756052e-05 -0.00021295368792791227
1708964012769 -9.582915956756052e-05 -0.00021295368792791227
1708964012907 -9.582915956756052e-05 -0.00021295368792791227
1708964013045 -9.582915956756052e-05 -0.00021295368792791227
1708964013183 -9.582915956756052e-05 -0.00021295368792791227
1708964013321 -9.582915956756052e-05 -0.00021295368792791227
1708964013459 -9.582915956756052e-05 -0.00021295368792791227
1708964013597 -9.582915956756052e-05 -0.00021295368792791227
1708964013735 -9.582915956756052e-05 -0.00021295368792791227
1708964013871 -9.582915956756052e-05 -0.00021295368792791227
1708964014008 -9.582915956756052e-05 -0.00021295368792791227
1708964014145 -9.582915956756052e-05 -0.00021295368792791227
1708964014281 -9.582915956756052e-05 -0.00021295368792791227
1708964014418 -9.582915956756052e-05 -0.00021295368792791227
1708964014556 -9.582915956756052e-05 -0.00021295368792791227
1708964014694 -9.582915956756052e-05 -0.00021295368792791227
1708964014832 -9.582915956756052e-05 -0.00021295368792791227
1708964014970 -9.582915956756052e-05 -0.00021295368792791227
1708964015109 -9.582915956756052e-05 -0.00021295368792791227
1708964015246 -9.582915956756052e-05 -0.00021295368792791227
1708964015384 -9.582915956756052e-05 -0.00021295368792791227
1708964015523 -9.582915956756052e-05 -0.00021295368792791227
1708964015661 -9.582915956756052e-05 -0.00021295368792791227
1708964015799 -9.582915956756052e-05 -0.00021295368792791227
1708964015937 -9.582915956756052e-05 -0.00021295368792791227
1708964016074 -9.582915956756052e-05 -0.00021295368792791227
1708964016212 -9.582915956756052e-05 -0.00021295368792791227
1708964016350 -9.582915956756052e-05 -0.00021295368792791227
1708964016488 -9.582915956756052e-05 -0.00021295368792791227
1708964016626 -9.582915956756052e-05 -0.00021295368792791227
1708964016764 -9.582915956756052e-05 -0.00021295368792791227
1708964016901 -9.582915956756052e-05 -0.00021295368792791227
1708964017039 -9.582915956756052e-05 -0.00021295368792791227
1708964017180 -9.582915956756052e-05 -0.00021295368792791227
1708964017318 -9.582915956756052e-05 -0.00021295368792791227
1708964017456 -9.582915956756052e-05 -0.00021295368792791227
1708964017594 -9.582915956756052e-05 -0.00021295368792791227
1708964017732 -9.582915956756052e-05 -0.00021295368792791227
1708964017870 -9.582915956756052e-05 -0.00021295368792791227
1708964018009 -9.582915956756052e-05 -0.00021295368792791227
1708964018146 -9.582915956756052e-05 -0.00021295368792791227
1708964018285 -9.582915956756052e-05 -0.00021295368792791227
1708964018422 -9.582915956756052e-05 -0.00021295368792791227
1708964018558 -9.582915956756052e-05 -0.00021295368792791227
1708964018695 -9.582915956756052e-05 -0.00021295368792791227
1708964018832 -9.582915956756052e-05 -0.00021295368792791227
1708964018968 -9.582915956756052e-05 -0.00021295368792791227
1708964019106 -9.582915956756052e-05 -0.00021295368792791227
1708964019244 -9.582915956756052e-05 -0.00021295368792791227
1708964019381 -9.582915956756052e-05 -0.00021295368792791227
1708964019519 -9.582915956756052e-05 -0.00021295368792791227
1708964019658 -9.582915956756052e-05 -0.00021295368792791227
1708964019796 -9.582915956756052e-05 -0.00021295368792791227
1708964019934 -9.582915956756052e-05 -0.00021295368792791227
1708964020072 -9.582915956756052e-05 -0.00021295368792791227
1708964020210 -9.582915956756052e-05 -0.00021295368792791227
1708964020348 -9.582915956756052e-05 -0.00021295368792791227
1708964020486 -9.582915956756052e-05 -0.00021295368792791227
1708964020624 -9.582915956756052e-05 -0.00021295368792791227
1708964020762 -9.582915956756052e-05 -0.00021295368792791227
1708964020899 -9.582915956756052e-05 -0.00021295368792791227
1708964021038 -9.582915956756052e-05 -0.00021295368792791227
1708964021176 -9.582915956756052e-05 -0.00021295368792791227
1708964021314 -9.582915956756052e-05 -0.00021295368792791227
1708964021452 -9.582915956756052e-05 -0.00021295368792791227
1708964021590 -9.582915956756052e-05 -0.00021295368792791227
1708964021728 -9.582915956756052e-05 -0.00021295368792791227
1708964021866 -9.582915956756052e-05 -0.00021295368792791227
1708964022004 -9.582915956756052e-05 -0.00021295368792791227
1708964022142 -9.582915956756052e-05 -0.00021295368792791227
1708964022283 -9.582915956756052e-05 -0.00021295368792791227
1708964022421 -9.582915956756052e-05 -0.00021295368792791227
1708964022559 -9.582915956756052e-05 -0.00021295368792791227
1708964022697 -9.582915956756052e-05 -0.00021295368792791227
1708964022833 -9.582915956756052e-05 -0.00021295368792791227
1708964022970 -9.582915956756052e-05 -0.00021295368792791227
1708964023106 -9.582915956756052e-05 -0.00021295368792791227
1708964023243 -9.582915956756052e-05 -0.00021295368792791227
1708964023380 -9.582915956756052e-05 -0.00021295368792791227
1708964023517 -9.582915956756052e-05 -0.00021295368792791227
1708964023655 -9.582915956756052e-05 -0.00021295368792791227
1708964023793 -9.582915956756052e-05 -0.00021295368792791227
1708964023931 -9.582915956756052e-05 -0.00021295368792791227
1708964024069 -9.582915956756052e-05 -0.00021295368792791227
1708964024208 -9.582915956756052e-05 -0.00021295368792791227
1708964024346 -9.582915956756052e-05 -0.00021295368792791227
1708964024484 -9.582915956756052e-05 -0.00021295368792791227
1708964024622 -9.582915956756052e-05 -0.00021295368792791227
1708964024760 -9.582915956756052e-05 -0.00021295368792791227
1708964024896 -9.582915956756052e-05 -0.00021295368792791227
1708964025033 -9.582915956756052e-05 -0.00021295368792791227
1708964025169 -9.582915956756052e-05 -0.00021295368792791227
1708964025306 -9.582915956756052e-05 -0.00021295368792791227
1708964025443 -9.582915956756052e-05 -0.00021295368792791227
1708964025581 -9.582915956756052e-05 -0.00021295368792791227
1708964025720 -9.582915956756052e-05 -0.00021295368792791227
1708964025857 -9.582915956756052e-05 -0.00021295368792791227
1708964025995 -9.582915956756052e-05 -0.00021295368792791227
1708964026133 -9.582915956756052e-05 -0.00021295368792791227
1708964026269 -9.582915956756052e-05 -0.00021295368792791227
1708964026406 -9.582915956756052e-05 -0.00021295368792791227
1708964026542 -9.582915956756052e-05 -0.00021295368792791227
