1708964856621 -0.00011712452836035175 -0.00012777221275674737
1708964856759 -0.00011712452836035175 -0.00012777221275674737
1708964856895 -0.00011712452836035175 -0.00012777221275674737
1708964857032 -0.00011712452836035175 -0.00012777221275674737
1708964857168 -0.00011712452836035175 -0.00012777221275674737
1708964857305 -0.00011712452836035175 -0.00012777221275674737
1708964857443 -0.00011712452836035175 -0.00012777221275674737
1708964857582 -0.00011712452836035175 -0.00012777221275674737
1708964857720 -0.00011712452836035175 -0.00012777221275674737
1708964857858 -0.00011712452836035175 -0.00012777221275674737
1708964857996 -0.00011712452836035175 -0.00012777221275674737
1708964858135 -0.00011712452836035175 -0.00012777221275674737
1708964858274 -0.00011712452836035175 -0.00012777221275674737
1708964858412 -0.00011712452836035175 -0.00012777221275674737
1708964858550 -0.00011712452836035175 -0.00012777221275674737
1708964858689 -0.00011712452836035175 -0.00012777221275674737
1708964858828 -0.00011712452836035175 -0.00012777221275674737
1708964858966 -0.00011712452836035175 -0.00012777221275674737
1708964859104 -0.00011712452836035175 -0.00012777221275674737
1708964859243 -0.00011712452836035175 -0.00012777221275674737
1708964859381 -0.00011712452836035175 -0.00012777221275674737
1708964859520 -0.00011712452836035175 -0.00012777221275674737
1708964859658 -0.00011712452836035175 -0.00012777221275674737
1708964859797 -0.00011712452836035175 -0.00012777221275674737
1708964859935 -0.00011712452836035175 -0.00012777221275674737
1708964860073 -0.00011712452836035175 -0.00012777221275674737
1708964860211 -0.00011712452836035175 -0.00012777221275674737
1708964860350 -0.00011712452836035175 -0.00012777221275674737
1708964860489 -0.00011712452836035175 -0.00012777221275674737
1708964860627 -0.00011712452836035175 -0.00012777221275674737
1708964860765 -0.00011712452836035175 -0.00012777221275674737
1708964860904 -0.00011712452836035175 -0.00012777221275674737
1708964861042 -0.00011712452836035175 -0.00012777221275674737
1708964861180 -0.00011712452836035175 -0.00012777221275674737
1708964861319 -0.00011712452836035175 -0.00012777221275674737
1708964861457 -0.00011712452836035175 -0.00012777221275674737
1708964861595 -0.00011712452836035175 -0.00012777221275674737
1708964861733 -0.00011712452836035175 -0.00012777221275674737
