1708964722522 -0.00011712452836035175 -0.00012777221275674737
1708964722660 -0.00011712452836035175 -0.00012777221275674737
1708964722797 -0.00011712452836035175 -0.00012777221275674737
1708964722935 -0.00011712452836035175 -0.00012777221275674737
1708964723074 -0.00011712452836035175 -0.00012777221275674737
1708964723213 -0.00011712452836035175 -0.00012777221275674737
1708964723353 -0.00011712452836035175 -0.00012777221275674737
1708964723493 -0.00011712452836035175 -0.00012777221275674737
1708964723632 -0.00011712452836035175 -0.00012777221275674737
1708964723772 -0.00011712452836035175 -0.00012777221275674737
1708964723912 -0.00011712452836035175 -0.00012777221275674737
1708964724051 -0.00011712452836035175 -0.00012777221275674737
1708964724191 -0.00011712452836035175 -0.00012777221275674737
1708964724330 -0.00011712452836035175 -0.00012777221275674737
1708964724470 -0.00011712452836035175 -0.00012777221275674737
1708964724610 -0.00011712452836035175 -0.00012777221275674737
1708964724750 -0.00011712452836035175 -0.00012777221275674737
1708964724889 -0.00011712452836035175 -0.00012777221275674737
1708964725029 -0.00011712452836035175 -0.00012777221275674737
1708964725168 -0.00011712452836035175 -0.00012777221275674737
1708964725308 -0.00011712452836035175 -0.00012777221275674737
1708964725448 -0.00011712452836035175 -0.00012777221275674737
1708964725588 -0.00011712452836035175 -0.00012777221275674737
1708964725727 -0.00011712452836035175 -0.00012777221275674737
1708964725867 -0.00011712452836035175 -0.00012777221275674737
1708964726006 -0.00011712452836035175 -0.00012777221275674737
1708964726147 -0.00011712452836035175 -0.00012777221275674737
1708964726285 -0.00011712452836035175 -0.00012777221275674737
1708964726423 -0.00011712452836035175 -0.00012777221275674737
1708964726562 -0.00011712452836035175 -0.00012777221275674737
1708964726700 -0.00011712452836035175 -0.00012777221275674737
1708964726839 -0.00011712452836035175 -0.00012777221275674737
1708964726977 -0.00011712452836035175 -0.00012777221275674737
1708964727115 -0.00011712452836035175 -0.00012777221275674737
1708964727254 -0.00011712452836035175 -0.00012777221275674737
1708964727393 -0.00011712452836035175 -0.00012777221275674737
1708964727531 -0.00011712452836035175 -0.00012777221275674737
1708964727669 -0.00011712452836035175 -0.00012777221275674737
